{
  "nbformat": 4,
  "nbformat_minor": 0,
  "metadata": {
    "colab": {
      "name": "Python practice.ipynb",
      "provenance": [],
      "authorship_tag": "ABX9TyP4D+/MYcMYRpKlROF3ht3V",
      "include_colab_link": true
    },
    "kernelspec": {
      "name": "python3",
      "display_name": "Python 3"
    },
    "language_info": {
      "name": "python"
    }
  },
  "cells": [
    {
      "cell_type": "markdown",
      "metadata": {
        "id": "view-in-github",
        "colab_type": "text"
      },
      "source": [
        "<a href=\"https://colab.research.google.com/github/KumarGaurav20/Previous-Python-codes/blob/main/Python_practice.ipynb\" target=\"_parent\"><img src=\"https://colab.research.google.com/assets/colab-badge.svg\" alt=\"Open In Colab\"/></a>"
      ]
    },
    {
      "cell_type": "markdown",
      "metadata": {
        "id": "1BziRJIGYFwO"
      },
      "source": [
        "###PYTHON Questoins & Solutions"
      ]
    },
    {
      "cell_type": "markdown",
      "metadata": {
        "id": "T4GJWJXdYFmK"
      },
      "source": [
        "\n",
        "\n",
        "Generate a generic 2D Gaussian-like array (★★☆)\n",
        "\n"
      ]
    },
    {
      "cell_type": "code",
      "metadata": {
        "colab": {
          "base_uri": "https://localhost:8080/"
        },
        "id": "T8ML7ydIX0jt",
        "outputId": "9f6016a7-03a3-4d0f-c18f-3e4165f53a3f"
      },
      "source": [
        "import numpy as np\n",
        "X, Y = np.meshgrid(np.linspace(-1,1,10), np.linspace(-1,1,10))\n",
        "D = np.sqrt(X*X+Y*Y)\n",
        "sigma, mu = 1.0, 0.0\n",
        "G = np.exp(-( (D-mu)**2 / ( 2.0 * sigma**2 ) ) )\n",
        "print(G)"
      ],
      "execution_count": 2,
      "outputs": [
        {
          "output_type": "stream",
          "name": "stdout",
          "text": [
            "[[0.36787944 0.44822088 0.51979489 0.57375342 0.60279818 0.60279818\n",
            "  0.57375342 0.51979489 0.44822088 0.36787944]\n",
            " [0.44822088 0.54610814 0.63331324 0.69905581 0.73444367 0.73444367\n",
            "  0.69905581 0.63331324 0.54610814 0.44822088]\n",
            " [0.51979489 0.63331324 0.73444367 0.81068432 0.85172308 0.85172308\n",
            "  0.81068432 0.73444367 0.63331324 0.51979489]\n",
            " [0.57375342 0.69905581 0.81068432 0.89483932 0.9401382  0.9401382\n",
            "  0.89483932 0.81068432 0.69905581 0.57375342]\n",
            " [0.60279818 0.73444367 0.85172308 0.9401382  0.98773022 0.98773022\n",
            "  0.9401382  0.85172308 0.73444367 0.60279818]\n",
            " [0.60279818 0.73444367 0.85172308 0.9401382  0.98773022 0.98773022\n",
            "  0.9401382  0.85172308 0.73444367 0.60279818]\n",
            " [0.57375342 0.69905581 0.81068432 0.89483932 0.9401382  0.9401382\n",
            "  0.89483932 0.81068432 0.69905581 0.57375342]\n",
            " [0.51979489 0.63331324 0.73444367 0.81068432 0.85172308 0.85172308\n",
            "  0.81068432 0.73444367 0.63331324 0.51979489]\n",
            " [0.44822088 0.54610814 0.63331324 0.69905581 0.73444367 0.73444367\n",
            "  0.69905581 0.63331324 0.54610814 0.44822088]\n",
            " [0.36787944 0.44822088 0.51979489 0.57375342 0.60279818 0.60279818\n",
            "  0.57375342 0.51979489 0.44822088 0.36787944]]\n"
          ]
        }
      ]
    },
    {
      "cell_type": "code",
      "metadata": {
        "id": "TUue3xFvYD0f"
      },
      "source": [
        ""
      ],
      "execution_count": null,
      "outputs": []
    }
  ]
}